$ANSIBLE_VAULT;1.1;AES256
33356335366231663762656531303533396264316262643533396366626133326630333035656134
3163643333323839303835323439626663323135626465640a306432663561663031636662316630
65646139336434626262383365623330653266386134383036313262343132636462626633396331
3333313864643861330a323664323365626639346466383762623164613661633863613138633130
64363864303632313135623437333335363131333033323738323835303366646138323565623133
39396434333063356461383439333138396464386261363239326138646536373930396535316461
30303164396436373662323533396435656662316131653861313466343931333239396361636362
63316564666562396232323336656237343732343137313236326561373565373164646130303737
37663434343966336336313961616130306138313730386434613437363364356562663437323931
38333532333231393665383432366239643531363863663033313234613361616361383139323335
39656538306364633439643433353038623736643938316662323631653865383534613966363830
34353430663066396436343566646138376439653333323762326537376138626637363139613337
33663364316635623536653537623034623035653039613263656634393930363337366464353934
33323963303530643832646361663162313530393561613366633465393063383339336263376266
64333432353239383462666166653436353066373737376361303136376239316565656436356533
36666430366465646339363436663835373930643335353738646132313739336564653933323031
39393431653661303137666461356462386637346135306633336566313732353864373733383761
39376337666334636530633334656332613735353961313531656265383230643062613734643665
35376239356630623166323732356239356261323135336565613037653665323438653132396666
63663933613963323033666462646539343434346663316664303561623832313938386139626433
3131
