$ANSIBLE_VAULT;1.1;AES256
66366330663739643165323232356431393030386563623565653931623732623366633133393934
3939346337663237646334316530356161636461306235390a633331633430363036303231363839
63363537643964656663613061643834323462313035306335653262613530303461663261356332
3235346563666362360a343061613365386439363731333331616564376665643630316261333064
35346232633965343830343463306363383536343738653036333231666634333533393037303162
33623131366532393736656565356232663837303338646539623939646137333461636339653866
63623434363935613337316635623330633733393936373832633830396636313330336461633036
36376431383734353037323064626238356132373765313562393535333231353764636263396433
63613332623238353336626336663236633135663566616563386662373063626265343338356537
65656233643532323730366261616432376264316262383435613363383439633138313037306664
62353835383630393133663230373864346231303035336139643031383631353932643234383038
63626538323735326466643431636462353064653839393065653965333635633438323931616133
33666161633266373163393636333236303165336237616433663434616664623837633266636239
34653336656435653738393864386466303762636362363634366138613631303335386538303136
64663732653563646633663136393465356163653135316630623435343566643766376538356534
35363661646665383966313765656634373765323139643430343731373132616239356464373831
32323232343361336133636262623035366532636262346462616134616363346365643231326363
32313833393236323865663065383039386464323061306233663162633962656132363633386431
32303832633732323636383732613262313037613065656431393666633964626365636235366239
39336462383866356266313365353266613038633234313834393034323065393763323535323435
63346133303032346464333939363935626633633334353666353463643564626537376437336461
6430613333383731396331363838316533653136303434306564
